"pp"	"orde"	"X0nr"	"X0ty"	"X0ca"	"X0ra"	"X0vr"	"X0ac"	"X0ze"	"X0pct"	"X1nr"	"X1ty"	"X1ca"	"X1ra"	"X1vr"	"X1ac"	"X1ze"	"X1pct"	"X2nr"	"X2ty"	"X2ca"	"X2ra"	"X2vr"	"X2ac"	"X2ze"	"X2pct"	"X3nr"	"X3ty"	"X3ca"	"X3ra"	"X3vr"	"X3ac"	"X3ze"	"X3pct"	"X4nr"	"X4ty"	"X4ca"	"X4ra"	"X4vr"	"X4ac"	"X4ze"	"X4pct"	"X5nr"	"X5ty"	"X5ca"	"X5ra"	"X5vr"	"X5ac"	"X5ze"	"X5pct"	"X6nr"	"X6ty"	"X6ca"	"X6ra"	"X6vr"	"X6ac"	"X6ze"	"X6pct"	"X7nr"	"X7ty"	"X7ca"	"X7ra"	"X7vr"	"X7ac"	"X7ze"	"X7pct"	"oft"	"doel"	"gelo"	"bena"	"verm"	"w1"	"w2"	"w3"	"w4"	"w5"	"w6"	"w7"	"w8"	"w9"	"w10"	"w11"	"wtot"	"f1_exp"	"f2_exp"	"f3_exp"	"f4_exp"	"f5_exp"	"f6_exp"	"f7_exp"	"f8_exp"	"f1_cc"	"f2_cc"	"f3_cc"	"f4_cc"	"f5_cc"	"f6_cc"	"f7_cc"	"f8_cc"	"cc"	"cc_p"	"ci"	"ci_p"	"dbt"	"dbt_p"	"dbt2"	"dbt2_p"
"1"	1	1	1	1	1	3	3	1	1	60	0	1	0	3	3	2	1	60	4	2	0	1	1	1	1	60	7	2	0	2	2	1	1	60	5	2	1	5	5	2	1	60	2	1	1	3	3	1	1	60	6	2	1	3	3	2	1	60	3	1	1	4	3	1	2	70	1	6	0	6	5	3	4	5	3	5	3	5	4	2	4	5	43	3	3	1	2	5	3	3	3.5	1	2	2	2	1	1	1	1	5	62.5	3	37.5	0	0	0	0
"2"	2	2	1	1	0	4	4	4	3	50	0	1	1	4	5	1	3	80	4	2	1	4	4	2	1	70	7	2	0	4	4	3	1	50	5	2	0	5	5	1	2	75	2	1	1	4	4	1	3	100	6	2	1	4	4	2	3	100	3	1	1	5	5	1	2	70	2	2	3	3	2	4	3	5	3	4	3	4	2	3	5	2	38	4	4.5	4	4	5	4	4	5	4	1	1	3	2	1	1	1	5	62.5	1	12.5	1	12.5	1	12.5
"3"	3	1	1	1	0	5	5	4	3	60	4	2	1	3	4	2	1	50	0	1	0	4	2	3	1	40	7	2	1	4	6	2	2	80	5	2	0	5	5	3	1	50	6	2	0	4	3	4	3	50	2	1	0	3	1	2	1	70	3	1	0	3	4	2	1	60	1	6	2	6	1	2	2	3	2	4	2	4	3	3	3	3	31	5	3.5	3	5	5	3.5	2	3.5	4	1	3	1	3	4	2	2	2	25	2	25	2	25	2	25
"4"	4	2	1	1	1	5	4	1	1	70	4	2	1	3	3	2	1	70	0	1	0	5	3	4	3	50	7	2	0	5	3	3	1	60	5	2	0	6	4	1	2	100	6	2	1	3	2	2	2	70	2	1	1	7	2	1	2	100	3	1	0	2	2	4	1	60	2	2	2	6	0	1	2	2	1	5	2	2	1	2	2	1	21	4.5	3	4	4	5	2.5	4.5	2	1	1	4	3	2	1	1	4	4	50	1	12.5	1	12.5	2	25
"5"	5	1	1	1	0	2	2	4	3	50	0	1	0	2	2	4	3	50	4	2	0	3	3	4	3	50	7	2	0	2	2	4	3	50	5	2	0	3	3	4	3	50	6	2	0	3	3	4	3	50	2	1	0	3	3	4	3	50	3	1	0	3	3	4	3	50	1	2	0	5	2	1	1	1	1	1	1	1	1	3	1	1	13	2	2	3	2	3	3	3	3	4	4	4	4	4	4	4	4	0	0	0	0	0	0	8	100
"6"	6	2	1	1	0	2	2	2	2	70	0	1	1	3	3	1	3	100	4	2	1	3	3	2	3	100	7	2	1	3	3	2	3	100	5	2	1	3	3	2	3	100	6	2	1	4	4	2	3	100	2	1	1	4	4	1	3	100	3	1	1	4	3	1	3	100	1	3	0	3	2	2	2	2	2	1	3	3	1	5	5	3	29	2	3	3	3	3	4	4	3.5	2	1	1	1	1	1	1	1	7	87.5	1	12.5	0	0	0	0
"7"	7	1	1	1	0	5	5	3	1	40	4	2	0	5	4	1	1	50	0	1	0	3	4	4	2	0	7	2	1	3	3	2	2	60	5	2	0	5	5	1	1	80	2	1	0	5	5	4	2	50	6	2	0	4	3	4	2	50	3	1	0	3	4	3	1	50	2	2	5	5	5	3	5	5	4	5	5	4	5	4	3	5	48	5	4.5	3.5	3	5	5	3.5	3.5	3	2	4	1	2	4	4	3	1	12.5	2	25	2	25	3	37.5
"8"	8	2	1	1	1	5	6	1	3	100	4	2	1	1	1	2	3	100	0	1	1	5	4	1	3	100	7	2	1	2	2	2	3	100	5	2	0	4	4	1	2	100	2	1	0	3	4	4	1	50	6	2	0	5	6	3	1	50	3	1	1	2	3	1	3	100	2	2	5	6	1	4	2	3	2	4	2	2	2	4	3	2	30	5.5	1	4.5	2	4	3.5	5.5	2.5	1	1	1	1	2	4	3	1	5	62.5	1	12.5	1	12.5	1	12.5
"9"	9	1	5	2	0	5	5	1	1	50	0	1	0	4	4	2	2	60	4	2	1	3	3	2	2	70	3	1	1	3	3	1	2	70	1	1	1	6	6	1	3	70	2	1	0	6	6	2	1	50	6	2	1	2	2	2	2	70	7	2	1	2	2	2	3	90	1	3	5	5	2	4	4	5	5	2	3	5	3	5	4	4	44	5	4	3	3	6	6	2	2	2	2	1	1	1	2	1	1	5	62.5	3	37.5	0	0	0	0
"10"	10	2	5	2	1	5	5	2	2	75	0	1	1	5	5	1	3	85	4	2	0	2	2	1	2	75	3	1	1	2	2	1	2	60	1	1	0	5	5	2	1	65	2	1	0	3	3	2	1	70	6	2	0	4	4	1	1	55	7	2	0	4	4	1	2	70	2	5	4	6	0	1	3	3	1	5	1	1	1	2	3	1	22	5	5	2	2	5	3	4	4	1	1	2	1	2	2	2	2	3	37.5	5	62.5	0	0	0	0
"11"	11	1	5	2	1	3	4	2	3	90	4	2	1	2	2	2	2	60	0	1	1	5	4	1	2	80	3	1	1	3	4	1	3	90	1	1	1	7	7	1	3	100	6	2	1	2	3	2	3	100	2	1	1	5	4	1	3	100	7	2	1	2	2	2	3	100	2	3	5	5	1	1	3	2	2	4	4	3	3	2	3	3	30	3.5	2	4.5	3.5	7	2.5	4.5	2	1	1	1	1	1	1	1	1	8	100	0	0	0	0	0	0
"12"	12	2	5	2	0	5	6	3	1	50	4	2	1	4	2	2	2	60	0	1	0	4	5	4	3	50	3	1	0	2	3	2	2	50	1	1	1	5	5	1	2	70	6	2	1	4	5	2	1	50	2	1	1	6	5	1	3	70	7	2	0	5	3	3	2	50	1	4	2	6	3	2	3	3	2	4	3	2	2	3	2	3	29	5.5	3	4.5	2.5	5	4.5	5.5	4	3	1	4	2	1	1	1	3	4	50	1	12.5	2	25	1	12.5
"13"	13	1	5	2	0	6	6	4	3	50	0	1	0	5	5	4	3	50	4	2	0	7	7	3	1	50	3	1	0	2	2	4	3	50	1	1	0	2	4	4	3	50	6	2	0	2	2	4	3	50	2	1	0	2	2	4	3	50	7	2	0	4	4	4	3	50	2	6	0	3	4	4	2	3	2	5	2	3	2	3	2	3	31	6	5	7	2	3	2	2	4	4	4	3	4	4	4	4	4	0	0	0	0	1	12.5	7	87.5
"14"	14	2	5	2	1	5	5	2	2	80	0	1	1	3	3	1	2	80	4	2	0	3	3	4	1	50	3	1	1	5	5	1	2	80	1	1	1	5	5	1	2	80	6	2	1	5	4	2	2	80	2	1	1	4	4	1	1	60	7	2	1	3	3	2	2	80	2	2	5	5	1	1	2	4	2	2	2	4	2	3	2	2	26	5	3	3	5	5	4.5	4	3	1	1	4	1	1	1	1	1	7	87.5	0	0	0	0	1	12.5
"15"	15	1	5	2	1	3	5	2	2	65	4	2	1	3	2	2	1	55	0	1	0	2	2	4	3	50	3	1	1	4	5	1	3	100	1	1	1	7	7	1	3	100	2	1	1	3	5	1	3	100	6	2	1	2	1	2	3	90	7	2	1	2	4	2	3	100	2	2	5	5	3	3	4	5	3	4	3	5	4	5	5	4	45	4	2.5	2	4.5	7	4	1.5	3	1	1	4	1	1	1	1	1	7	87.5	0	0	0	0	1	12.5
"16"	16	2	5	2	0	4	5	4	2	50	4	2	1	5	5	2	1	100	0	1	1	3	2	1	2	100	3	1	1	4	5	1	3	100	1	1	0	4	6	2	2	100	2	1	0	4	3	2	2	100	6	2	1	5	4	2	3	100	7	2	1	3	2	2	1	100	1	2	2	5	3	1	2	3	2	3	2	3	3	3	2	2	26	4.5	5	2.5	4.5	5	3.5	4.5	2.5	4	1	1	1	2	2	1	1	5	62.5	2	25	0	0	1	12.5
"17"	17	1	1	1	1	5	5	1	2	75	0	1	1	4	4	1	3	100	4	2	1	2	4	2	1	80	7	2	1	0	0	2	3	100	5	2	0	4	4	1	1	50	2	1	0	2	2	2	1	100	6	2	1	6	6	2	3	100	3	1	1	3	3	1	3	100	2	4	5	6	1	1	2	3	1	2	1	3	1	4	4	1	23	5	4	3	0	4	2	6	3	1	1	1	1	2	2	1	1	6	75	2	25	0	0	0	0
"18"	18	2	1	1	1	2	2	1	1	65	0	1	1	2	5	1	2	70	4	2	1	5	5	2	2	60	7	2	1	3	3	2	2	70	5	2	1	3	3	2	2	70	2	1	1	2	2	1	2	60	6	2	0	4	4	4	1	50	3	1	1	5	5	1	2	70	1	5	3	5	1	2	2	4	2	4	2	4	2	2	3	2	29	2	3.5	5	3	3	2	4	5	1	1	1	1	1	1	4	1	7	87.5	0	0	0	0	1	12.5
"19"	19	1	1	1	0	4	3	2	2	55	4	2	0	1	2	1	1	60	0	1	0	3	3	4	3	20	7	2	1	5	3	2	2	80	5	2	0	3	3	3	2	50	6	2	1	2	3	2	2	50	2	1	0	2	1	4	1	50	3	1	1	2	2	1	2	70	1	6	5	3	3	2	1	1	1	2	1	2	1	3	3	1	18	3.5	1.5	3	4	3	2.5	1.5	2	2	2	4	1	3	1	4	1	3	37.5	2	25	1	12.5	2	25
"20"	20	2	1	1	0	4	5	3	2	50	4	2	0	4	3	4	1	50	0	1	0	4	3	4	1	50	7	2	1	3	3	2	1	60	5	2	0	4	4	1	1	60	6	2	0	4	3	4	1	50	2	1	1	5	3	1	1	60	3	1	1	5	2	1	1	50	1	6	0	6	2	2	2	3	2	4	2	5	2	3	4	2	31	4.5	3.5	3.5	3	4	3.5	4	3.5	3	4	4	1	2	4	1	1	3	37.5	1	12.5	1	12.5	3	37.5
"21"	21	1	1	1	0	5	5	4	3	60	0	1	0	4	4	2	1	60	4	2	0	5	5	3	1	50	7	2	0	5	5	1	2	80	5	2	1	5	5	2	1	73	6	2	1	4	4	2	2	95	2	1	0	3	3	3	1	50	3	1	0	5	4	4	3	50	2	6	0	2	2	1	2	3	2	3	3	2	2	4	4	3	29	5	4	5	5	5	4	3	4.5	4	2	3	2	1	1	3	4	2	25	2	25	2	25	2	25
"22"	22	2	1	1	0	2	2	4	2	60	0	1	1	6	4	1	1	80	4	2	1	5	5	2	2	70	7	2	1	3	3	2	3	100	5	2	1	6	6	2	3	90	6	2	1	3	3	2	2	90	2	1	1	6	6	1	3	100	3	1	1	3	3	1	2	70	2	2	4	6	0	1	3	3	1	4	2	3	2	2	3	1	25	2	5	5	3	6	3	6	3	4	1	1	1	1	1	1	1	7	87.5	0	0	0	0	1	12.5
"23"	23	1	1	1	1	4	5	1	1	70	4	2	1	3	4	2	2	80	0	1	1	5	4	1	1	60	7	2	1	4	4	2	2	80	5	2	1	4	6	2	1	80	2	1	1	4	4	1	1	70	6	2	0	5	3	1	1	50	3	1	1	5	4	1	1	60	2	5	4	4	2	3	3	4	3	4	2	4	3	4	3	3	36	4.5	3.5	4.5	4	5	4	4	4.5	1	1	1	1	1	1	2	1	7	87.5	1	12.5	0	0	0	0
"24"	24	2	1	1	1	4	5	1	3	80	4	2	1	2	3	2	3	80	0	1	0	3	4	4	2	40	7	2	1	3	3	2	3	80	5	2	0	3	3	3	2	50	2	1	0	3	4	4	2	40	6	2	1	2	2	2	2	60	3	1	0	2	3	3	2	50	2	3	5	5	1	2	2	3	3	5	3	3	2	4	2	2	31	4.5	2.5	3.5	3	3	3.5	2	2.5	1	1	4	1	3	4	1	3	4	50	0	0	2	25	2	25
"25"	25	1	5	2	0	4	4	4	2	40	0	1	0	1	1	2	1	50	4	2	0	4	4	1	1	60	3	1	0	2	2	2	1	50	1	1	1	5	5	1	2	70	2	1	0	2	2	3	1	50	6	2	0	3	3	4	2	20	7	2	0	3	3	4	2	20	2	5	2	4	1	2	1	2	2	4	2	4	2	4	4	2	29	4	1	4	2	5	2	3	3	4	2	2	2	1	3	4	4	1	12.5	3	37.5	1	12.5	3	37.5
"26"	26	2	5	2	0	2	2	1	1	70	0	1	0	4	4	3	1	50	4	2	1	2	2	2	1	70	3	1	1	1	1	1	2	100	1	1	1	4	4	1	1	100	2	1	1	4	3	1	2	100	6	2	1	5	5	2	3	100	7	2	1	5	5	2	2	80	2	2	3	5	2	2	2	4	1	4	3	4	2	3	4	2	31	2	4	2	1	4	3.5	5	5	2	3	1	1	1	1	1	1	6	75	1	12.5	1	12.5	0	0
"27"	27	1	5	2	0	5	5	1	1	55	4	2	0	3	4	3	1	50	0	1	0	4	4	4	3	50	3	1	1	3	5	1	2	55	1	1	0	4	5	4	3	50	6	2	1	4	4	2	2	55	2	1	0	5	4	2	2	60	7	2	0	5	4	4	3	50	1	6	2	5	3	2	3	3	1	2	2	2	2	2	2	1	22	5	3.5	4	4	4.5	4	4.5	4.5	2	3	4	1	4	1	2	4	2	25	2	25	1	12.5	3	37.5
"28"	28	2	5	2	0	5	5	1	2	75	4	2	1	2	4	2	2	75	0	1	0	5	3	3	2	80	3	1	0	3	5	2	2	80	1	1	1	6	7	1	2	85	6	2	0	4	5	3	2	80	2	1	0	7	1	2	2	80	7	2	0	4	1	3	2	85	2	4	2	7	0	1	3	3	1	3	2	4	1	3	3	1	25	5	3	4	4	6.5	4.5	4	2.5	2	1	3	2	1	3	2	3	2	25	3	37.5	3	37.5	0	0
"29"	29	1	5	2	0	3	3	4	3	50	0	1	0	3	3	4	3	50	4	2	0	3	3	1	1	70	3	1	0	2	2	4	3	50	1	1	0	3	4	4	3	50	6	2	0	2	2	4	3	50	2	1	1	5	5	1	2	75	7	2	0	3	3	4	3	50	1	4	2	5	1	1	2	3	2	3	2	3	3	3	4	4	30	3	3	3	2	3.5	2	5	3	4	4	2	4	4	4	1	4	1	12.5	1	12.5	0	0	6	75
"31"	31	1	5	2	0	5	5	4	3	50	4	2	0	3	4	4	3	50	0	1	0	4	2	4	3	50	3	1	0	4	5	4	3	50	1	1	0	3	4	4	3	50	2	1	0	5	4	4	3	50	6	2	0	5	4	4	3	50	7	2	0	4	3	4	3	50	1	1	0	5	2	2	3	4	2	5	3	3	2	3	3	3	33	5	3.5	3	4.5	3.5	4.5	4.5	3.5	4	4	4	4	4	4	4	4	0	0	0	0	0	0	8	100
"32"	32	2	5	2	0	5	6	1	2	65	4	2	1	2	2	2	3	80	0	1	0	4	5	3	2	50	3	1	1	7	5	1	3	80	1	1	1	5	5	1	2	70	2	1	0	5	5	3	1	50	6	2	1	1	1	2	3	90	7	2	0	3	4	3	2	50	2	3	5	6	1	2	2	4	2	5	4	3	2	3	2	4	33	5.5	2	4.5	6	5	5	1	3.5	2	1	3	1	1	3	1	3	4	50	1	12.5	3	37.5	0	0
"33"	33	1	1	1	0	5	5	3	1	50	0	1	0	3	3	2	3	80	4	2	1	4	4	2	3	100	7	2	1	0	1	2	3	100	5	2	0	5	5	1	3	100	2	1	0	3	3	2	3	80	6	2	1	2	2	2	3	100	3	1	0	5	5	2	2	100	2	3	2	6	3	3	2	5	4	5	4	5	2	5	5	5	45	5	3	4	0.5	5	3	2	5	3	2	1	1	2	2	1	2	3	37.5	4	50	1	12.5	0	0
"34"	34	2	1	1	1	4	4	1	3	90	0	1	0	2	2	2	3	90	4	2	1	3	3	2	2	60	7	2	1	2	2	2	3	95	5	2	0	4	4	1	2	70	2	1	0	2	2	2	3	100	6	2	1	4	4	2	3	95	3	1	0	3	3	2	1	50	2	3	2	7	2	2	3	5	2	4	2	4	4	3	5	2	36	4	2	3	2	4	2	4	3	1	2	1	1	2	2	1	2	4	50	4	50	0	0	0	0
"35"	35	1	1	1	1	6	7	1	2	80	4	2	0	3	3	3	1	50	0	1	0	5	5	4	3	20	7	2	0	6	6	1	2	65	5	2	1	6	7	2	2	60	6	2	0	5	5	4	3	40	2	1	0	4	3	2	1	55	3	1	0	4	5	2	1	60	2	3	4	5	0	1	2	2	1	3	1	2	1	3	3	1	20	6.5	3	5	6	6.5	5	3.5	4.5	1	3	4	2	1	4	2	2	2	25	3	37.5	1	12.5	2	25
"36"	36	2	1	1	0	4	6	2	1	65	4	2	1	3	5	2	2	67	0	1	0	1	2	4	2	50	7	2	0	0	5	3	1	50	5	2	0	3	6	1	1	55	6	2	1	5	2	2	1	62	2	1	0	6	4	4	1	50	3	1	1	6	3	1	1	54	2	6	1	5	2	2	4	4	2	5	4	3	3	2	4	3	36	5	4	1.5	2.5	4.5	3.5	5	4.5	2	1	4	3	2	1	4	1	3	37.5	2	25	1	12.5	2	25
"37"	37	1	1	1	0	4	4	2	1	100	0	1	1	5	5	1	3	100	4	2	1	1	1	2	3	100	7	2	1	2	2	2	3	100	5	2	1	6	6	2	2	100	6	2	0	2	2	4	1	100	2	1	0	4	4	2	3	100	3	1	1	3	3	1	3	100	1	1	0	5	2	3	2	5	2	5	2	5	2	4	4	3	37	4	5	1	2	6	2	4	3	2	1	1	1	1	4	2	1	5	62.5	2	25	0	0	1	12.5
"38"	38	2	1	1	1	6	6	1	1	65	0	1	0	6	6	2	1	55	4	2	1	5	5	2	2	70	7	2	0	5	5	4	1	50	5	2	0	5	5	1	2	75	6	2	0	6	6	1	2	75	2	1	1	6	6	1	2	55	3	1	0	5	5	2	1	60	2	2	5	4	2	2	1	2	2	3	2	2	2	2	2	2	22	6	6	5	5	5	6	6	5	1	2	1	4	2	2	1	2	3	37.5	4	50	0	0	1	12.5
"39"	39	1	1	1	0	4	5	4	3	50	4	2	0	2	2	1	3	100	0	1	0	3	3	4	3	50	7	2	1	5	6	2	3	100	5	2	1	6	7	2	3	100	2	1	1	3	3	1	2	100	6	2	0	3	4	1	2	100	3	1	1	2	2	1	2	100	1	5	2	6	2	3	3	4	4	5	3	3	4	2	4	4	39	4.5	2	3	5.5	6.5	3	3.5	2	4	2	4	1	1	1	2	1	4	50	2	25	0	0	2	25
"40"	40	2	1	1	1	4	5	1	1	60	4	2	1	4	4	2	2	80	0	1	1	4	4	1	1	60	7	2	0	2	3	1	2	75	5	2	1	3	6	2	2	60	2	1	0	2	4	2	2	60	6	2	1	3	2	2	1	60	3	1	0	5	5	2	2	70	2	4	2	5	2	1	3	4	1	1	1	2	3	2	1	1	20	4.5	4	4	2.5	4.5	3	2.5	5	1	1	1	2	1	2	1	2	5	62.5	3	37.5	0	0	0	0
"41"	41	1	5	2	0	5	5	4	2	60	0	1	1	3	3	1	3	90	4	2	1	3	3	2	2	90	3	1	1	4	4	1	3	80	1	1	1	4	4	1	2	90	2	1	0	4	4	2	3	100	6	2	1	6	4	2	3	60	7	2	1	4	4	2	3	80	1	2	4	7	0	2	2	3	1	5	1	3	1	4	5	1	28	5	3	3	4	4	4	5	4	4	1	1	1	1	2	1	1	6	75	1	12.5	0	0	1	12.5
"42"	42	2	5	2	1	4	4	2	2	70	0	1	1	4	4	1	3	85	4	2	1	4	4	2	2	75	3	1	1	3	3	1	3	80	1	1	1	6	6	1	3	100	2	1	1	4	4	1	3	85	6	2	1	3	3	2	3	85	7	2	1	3	3	2	2	70	2	2	5	5	0	2	1	3	2	3	2	3	2	3	4	2	27	4	4	4	3	6	4	3	3	1	1	1	1	1	1	1	1	8	100	0	0	0	0	0	0
"43"	43	1	5	2	1	4	4	2	1	60	4	2	0	3	3	1	1	55	0	1	1	4	4	1	2	75	3	1	0	2	5	4	3	55	1	1	1	5	6	1	1	65	6	2	0	3	5	3	1	50	2	1	0	2	2	2	2	72	7	2	0	2	3	4	3	35	2	2	4	5	1	1	3	5	4	3	3	3	2	4	5	2	35	4	3	4	3.5	5.5	4	2	2.5	1	2	1	4	1	3	2	4	3	37.5	2	25	1	12.5	2	25
"44"	44	2	5	2	0	3	4	3	2	60	4	2	0	3	3	3	1	45	0	1	1	3	3	1	2	70	3	1	1	3	4	1	2	60	1	1	1	4	4	1	2	60	6	2	0	4	3	3	3	50	2	1	1	5	4	1	2	75	7	2	1	2	1	2	2	75	2	3	3	5	2	2	3	4	2	5	3	3	1	3	4	1	31	3.5	3	3	3.5	4	3.5	4.5	1.5	3	3	1	1	1	3	1	1	5	62.5	0	0	3	37.5	0	0
"45"	45	1	5	2	0	2	2	4	3	50	0	1	1	4	3	1	1	75	4	2	0	3	3	1	2	80	3	1	0	3	3	4	3	50	1	1	1	3	3	1	1	80	6	2	0	2	2	4	3	50	2	1	0	2	2	4	3	50	7	2	1	4	4	2	2	75	2	6	2	4	2	1	2	4	1	4	3	4	2	5	5	1	32	2	3.5	3	3	3	2	2	4	4	1	2	4	1	4	4	1	3	37.5	1	12.5	0	0	4	50
"46"	46	2	5	2	0	5	5	4	1	70	0	1	0	4	4	2	3	60	4	2	0	3	3	3	2	50	3	1	1	5	5	1	3	80	1	1	0	3	3	3	2	50	6	2	1	3	3	2	2	60	2	1	0	5	5	2	2	60	7	2	0	4	4	3	1	50	1	2	5	6	2	2	2	4	2	4	3	4	3	4	3	3	34	5	4	3	5	3	3	5	4	4	2	3	1	3	1	2	3	2	25	2	25	3	37.5	1	12.5
"47"	47	1	5	2	0	6	5	1	2	75	4	2	1	5	5	2	2	75	0	1	0	4	4	4	3	25	3	1	1	4	5	1	2	80	1	1	1	5	6	1	1	75	2	1	0	4	4	2	2	85	6	2	1	6	3	2	1	50	7	2	1	4	3	2	1	50	2	2	6	5	0	2	2	2	2	3	3	3	2	3	2	3	27	5.5	5	4	4.5	5.5	4	4.5	3.5	2	1	4	1	1	2	1	1	5	62.5	2	25	0	0	1	12.5
"48"	48	2	5	2	0	4	3	1	1	60	4	2	0	3	2	4	3	30	0	1	0	3	3	2	1	75	3	1	0	3	3	2	1	60	1	1	1	4	4	1	1	65	2	1	0	3	4	2	1	60	6	2	0	4	2	1	1	70	7	2	0	4	2	1	1	65	2	6	0	2	3	2	2	4	1	4	2	4	2	3	2	2	28	3.5	2.5	3	3	4	3.5	3	3	2	4	2	2	1	2	2	2	1	12.5	6	75	0	0	1	12.5
"49"	49	1	1	1	0	2	2	2	2	60	0	1	0	1	1	4	3	50	4	2	0	4	4	1	1	50	7	2	1	2	2	2	3	100	5	2	0	4	4	4	3	50	2	1	1	4	4	1	1	80	6	2	1	3	3	2	3	100	3	1	1	1	1	1	2	90	2	3	4	5	1	1	3	4	2	2	1	3	2	4	2	2	26	2	1	4	2	4	4	3	1	2	4	2	1	4	1	1	1	4	50	2	25	0	0	2	25
"50"	50	2	1	1	0	1	2	2	2	60	0	1	0	2	2	3	2	50	4	2	0	5	5	1	1	50	7	2	1	3	3	2	3	80	5	2	0	1	1	1	3	80	2	1	1	6	6	1	2	50	6	2	1	2	2	2	3	65	3	1	1	5	5	1	2	60	1	3	5	5	2	2	3	4	3	4	4	2	5	3	5	5	40	1.5	2	5	3	1	6	2	5	2	3	2	1	2	1	1	1	4	50	3	37.5	1	12.5	0	0
"51"	51	1	1	1	0	5	6	4	3	60	4	2	0	1	2	4	3	20	0	1	0	2	2	4	3	30	7	2	0	3	6	4	3	60	5	2	0	3	4	4	3	50	6	2	0	5	5	4	3	50	2	1	0	1	1	4	3	10	3	1	0	4	2	4	3	60	2	1	6	6	1	2	2	3	3	4	4	3	3	4	4	3	35	5.5	1.5	2	4.5	3.5	5	1	3	4	4	4	4	4	4	4	4	0	0	0	0	0	0	8	100
"52"	52	2	1	1	0	5	5	2	2	80	4	2	1	3	4	2	2	70	0	1	0	3	5	2	2	80	7	2	1	2	4	2	3	90	5	2	1	5	6	2	1	60	6	2	1	5	6	2	2	80	2	1	1	4	4	1	2	80	3	1	1	6	6	1	3	90	1	4	4	7	0	1	3	5	3	3	5	5	2	4	5	3	39	5	3.5	4	3	5.5	5.5	4	6	2	1	2	1	1	1	1	1	6	75	2	25	0	0	0	0
"53"	53	1	1	1	1	4	5	1	1	50	0	1	0	4	3	2	1	50	4	2	0	3	4	4	1	50	7	2	0	2	4	4	1	50	5	2	0	5	6	1	3	80	6	2	0	3	3	3	1	50	2	1	0	3	2	2	1	60	3	1	0	3	3	3	1	70	2	3	3	4	1	2	3	3	3	4	4	4	3	2	2	3	33	4.5	3.5	3.5	3	5.5	3	2.5	3	1	2	4	4	2	3	2	3	1	12.5	3	37.5	2	25	2	25
"54"	54	2	1	1	1	3	5	1	2	75	0	1	1	0	2	1	3	90	4	2	0	2	3	4	1	20	7	2	1	2	5	2	3	90	5	2	1	5	6	2	2	75	6	2	0	5	5	4	1	20	2	1	1	4	2	1	2	75	3	1	0	5	5	4	1	20	1	4	2	6	2	2	1	4	2	4	3	4	2	3	2	2	29	4	1	2.5	3.5	5.5	5	3	5	1	1	4	1	1	4	1	4	5	62.5	0	0	0	0	3	37.5
"55"	55	1	1	1	1	5	6	1	2	80	4	2	0	4	5	4	3	10	0	1	0	5	4	4	3	100	7	2	1	3	4	2	3	100	5	2	0	6	7	4	3	0	2	1	1	6	7	1	2	100	6	2	1	7	6	2	3	100	3	1	1	5	5	1	3	100	2	2	2	4	2	1	1	2	1	4	3	2	1	3	3	1	22	5.5	4.5	4.5	3.5	6.5	6.5	6.5	5	1	4	4	1	4	1	1	1	5	62.5	0	0	0	0	3	37.5
"56"	56	2	1	1	1	3	4	1	2	80	4	2	1	3	3	2	2	80	0	1	0	3	2	3	1	50	7	2	0	2	5	4	1	50	5	2	1	3	4	2	3	90	2	1	0	2	2	4	1	50	6	2	1	3	3	2	2	80	3	1	1	2	3	1	1	80	2	4	4	5	2	2	2	5	2	4	3	5	4	5	3	4	39	3.5	3	2.5	3.5	3.5	2	3	2.5	1	1	3	4	1	4	1	1	5	62.5	0	0	1	12.5	2	25
"57"	57	1	5	2	1	3	3	2	3	90	0	1	1	5	5	1	2	90	4	2	1	3	2	2	2	80	3	1	0	3	5	2	1	80	1	1	1	6	7	1	3	100	2	1	1	5	6	1	3	100	6	2	1	4	3	2	3	80	7	2	1	5	5	2	3	80	1	2	5	6	1	3	2	4	2	3	2	3	3	2	3	4	31	3	5	2.5	4	6.5	5.5	3.5	5	1	1	1	2	1	1	1	1	7	87.5	1	12.5	0	0	0	0
"58"	58	2	5	2	0	5	6	1	2	100	0	1	1	3	3	1	3	100	4	2	1	5	4	2	1	100	3	1	1	5	5	1	3	100	1	1	1	7	6	1	3	100	2	1	1	5	4	1	2	100	6	2	1	3	3	2	3	100	7	2	1	1	3	2	3	100	2	2	4	5	2	4	3	2	1	4	2	3	1	4	3	2	29	5.5	3	4.5	5	6.5	4.5	3	2	2	1	1	1	1	1	1	1	7	87.5	1	12.5	0	0	0	0
"59"	59	1	5	2	0	3	4	1	3	80	4	2	0	2	2	3	1	40	0	1	0	2	3	3	1	50	3	1	1	2	2	1	2	70	1	1	0	4	4	3	2	60	6	2	1	3	4	2	1	50	2	1	0	5	3	3	2	60	7	2	1	2	2	2	1	70	1	3	4	6	2	2	2	4	2	3	2	4	3	2	3	3	30	3.5	2	2.5	2	4	3.5	4	2	2	3	3	1	3	1	3	1	3	37.5	1	12.5	4	50	0	0
"60"	60	2	5	2	0	4	4	4	3	50	4	2	1	3	3	2	1	75	0	1	0	3	3	4	3	50	3	1	0	4	5	4	3	60	1	1	0	3	5	4	3	40	6	2	0	3	3	4	3	60	2	1	0	4	4	4	3	70	7	2	0	5	4	4	3	40	2	6	2	3	1	1	2	3	1	4	1	2	1	4	3	1	23	4	3	3	4.5	4	3	4	4.5	4	1	4	4	4	4	4	4	1	12.5	0	0	0	0	7	87.5
"61"	61	1	5	2	0	5	5	4	2	60	0	1	1	3	5	1	1	50	4	2	1	2	1	2	1	50	3	1	1	4	5	1	2	60	1	1	1	7	4	1	2	50	6	2	1	1	3	2	3	70	2	1	0	1	1	2	2	50	7	2	0	1	1	4	3	50	1	1	5	4	1	1	1	3	3	1	1	3	1	2	2	1	19	5	4	1.5	4.5	5.5	2	1	1	4	1	1	1	1	1	2	4	5	62.5	1	12.5	0	0	2	25
"62"	62	2	5	2	1	4	5	2	2	65	0	1	1	6	6	1	3	79	4	2	0	6	3	3	1	50	3	1	0	4	5	3	1	59	1	1	0	7	7	2	3	85	6	2	0	5	4	1	2	65	2	1	0	6	5	3	1	50	7	2	0	5	4	3	1	50	2	2	5	6	2	1	3	4	2	4	1	2	4	3	2	2	28	4.5	6	4.5	4.5	7	4.5	5.5	4.5	1	1	3	3	2	2	3	3	2	25	2	25	4	50	0	0
"63"	63	1	5	2	0	4	5	4	1	50	4	2	1	3	2	2	2	90	0	1	0	2	3	2	1	60	3	1	1	6	6	1	3	100	1	1	1	5	5	1	1	70	2	1	1	6	7	1	3	100	6	2	1	2	2	2	3	100	7	2	0	4	4	4	1	50	2	1	6	5	2	2	4	5	3	5	4	4	3	3	5	2	40	4.5	2.5	2.5	6	5	6.5	2	4	4	1	2	1	1	1	1	4	5	62.5	1	12.5	0	0	2	25
